37 -9
38 -9.1
38.1 -9.5
40.5 -9
43 -9.3
43.5 -5
43.4 -2
45 -1.5
46 -2.1
48 -5
 49 0
 51 2
 53 4
 54 5
 54.5 8
 57 7
 58 11
 55 11.5
 55 9
 54 12
 55 14
 54.4 14.7
 55 18
 54 19
 56 22
 57 22
 57.5 23
 56 24
 58 24
 58.1 23
 59 22.8
 58 21
 60 20
 60.5 19
 60 23.5
 61 22
 63 21.8
 66 25
 66 23
 62 20
 61 18
 60.5 18.2
 60 19
 57.5 17
 56 17
 55 13
 60 11
 58 8
 59 5.3
 62 5
 64 10
 66 13
 70 20
 71 25
 69 34
 67 41
 66 40
 65 39
 67 33
 64 35
 65 40
 66 43
 68 44
 67 46
 66 46
 68 55
 70 60
 69 66
 67 69
 70 66
 73 70
 72 73
 68 73
 66 70
 65 69
 64.5 69
 65 70
 68 74
 73 74.5
 73 80
 71 83
 74 80
 75 85
 76 88
 76.5 91
 76.8 95
 77 100
 78 105
 76 106
 76 112
 74 114
 72 103
 73 112.5
 74 118
 74.1 125
 73.4 129
 71 130
 72 133
 72 140
 73 140
72.8 145
72.7 150
71 153
71 160
69 160
69.2 166
68 170
70 170
69.8 175
69 178
67 184
66 190
65 187
65 180
64.8 175
63 179
62 175
60 170
60 166
60 163
58 164
54 160
51 157
55 156
56 157
63 164
61 160
62 160
62 155
60 154
59 152
59 148
59 143
58 140
55 135
54 139
53 141
52 142
50 141
48 140
45 138
43 134
43.5 132
42 130
40 127.5
37 129
35 129
35 127
34 126
37 127
38 125
40 126
40 123
38 122
41 123
40 120
39 118
38 117
37 120
38 120.3
37 123
36 120
35 119
34 121
31 122.6
27.5 121
26 120
25 119
24 117
22.5 115
22 113
21 111
20 111
20.1 109.5
22 110
21 107
20 106
10 105.6
17.5 107.5
15 108.5
12 109
11 109
10 107
8.5 105
10 105
11 103
13 101
14 101
14 100
10 99
9 100
6 102.5
3 103.5
1 104
5 100
7 99
8 98
12 98
15 97.5
17 97
16 95
16 94
17 94.5
20 93
23 91.5
22 91
23 88
21 87
20 86
19 85
18 83
16 80
14 80
12 79.5
10 79.7
8 77
10 76
12 75
15 74
20 73
23.5 73
21 72
20.5 71
21 70
22 69
23.5 68
25 66
25 62
26 57
27 56
26 55
28 52
30 50
30 48
26 50
24 52
25 55
26 56
25 56
22.5 60
20 58
17 55
16 52
15 50
13 45
13 44
15 43
20 40
24 39
25 37
28.5 35
30 32
25 35
20 37
17.5 39
15 40
12.5 43
10 45
12 51.5
10 51
9 50
4 47
2 44
0.1 42
-4 40
-6 38
-10 40
-14 41
-16 40
-20 34
-22 35
-23.5 35.5
-26 32
-30 31
-31 30
-34 26
-35 20
-34 18
-30 17
-25 14
-20 12
-17 11
-10 14
-4 12
-3 11
2 9
4 10
4 6
5 2
4 -3
3.8 -7
5 -10
10 -14
12 -16
14 -18
20 -16
23.5 -15.1
28 -14
30 -10
32 -9
35.8 -5.5
35 -4
34.8 -5
36 0
37 2
37.2 4
37.3 8
37.6 11
34 10
32 14.9
30 19
32 20
33 22
32 25
31 30
32 32
31 34
35 36
37 36
36 33
36.5 30
37.5 27
40 26
41 27.5
41.3 31
42 34
41 38
41 40
42 41
43.5 40
45 37.5
44.5 34
45.5 32.5
46.5 31
45 30
43 27.5
42.5 28
41 25
40 24
41 23
40 23
39 23.5
38 24
37 23.5
36 23
37 22
40 20
42 19
44 16
45 13
44.5 12.5
44 12.8
42.5 15.2
40 19
38 16
40 15.7
41.5 12
44 10.5
45 8.5
44 8
43 6
43.8 4
43 3
42 3.2
41 1
40 0
39 0
37.5 -1
37 -2
36 -4
36 -6
37 -7
37 -9
