63 -77
62 -72
60 -70
58 -70
58 -66
61 -65
56 -60
54 -56
52 -56
50 -60
50 -67
48 -70
48.5 -63
47 -62.6
46.8 -65
45 -63
45.3 -61
44.2 -60.9
43.8 -65
44.2 -65.8
45 -65
44.3 -69
42 -70
41 -74
38 -76
36 -77
33 -80
31 -82
26 -80
25 -81
25 -82
27 -83
30 -84
31 -86
30 -89
29 -91
30 -94
26 -97
23 -97.5
20 -96
18 -95
18 -92
22 -91
22 -87
18 -88
15 -88.5
15 -84
16 -83
12 -83.5
8 -81.6
9.4 -80
8 -77
10 -76
13 -73
11 -74
12 -70
11 -68
10 -65
11 -62
9 -60
7 -58
6 -56
6.5 -54
4.2 -52
2 -50
-2 -52
0 -50
-0.2 -48
-2 -45
-3 -44
-3 -40
-5 -36
-8 -35
-10 -37
-13 -38
-20 -40
-22 -42
-23 -44
-25 -48
-30 -50
-34 -53
-35 -55
-34 -58
-37 -56
-39 -60
-38.5 -63
-42 -63
-41 -65
-45 -65
-47 -68
-48 -66
-50 -68.5
-53 -68
-55 -65
-55.2 -70
-53 -73
-50 -74
-46 -75
-42 -72
-41.8 -73.3
-40 -74
-38 -73
-34 -72
-30 -71.6
-25 -71
-20 -70
-18 -71
-16 -74
-10 -78
-7 -80
-5 -82
-2 -81
0 -80
4 -77
7.5 -78
8 -79
6.5 -80
10 -86
13 -88
14 -89
17 -95
16 -96.5
17 -100
20 -106
22 -105
25 -108
23 -110
30 -113
28 -114
27.5 -115
30 -115
23 -110
22 -111
27 -114
30 -115
35 -118
35 -120
40 -124
45 -123
50 -127
52 -128
54 -130
58 -135
58 -138
60 -140
62 -144
63 -150
60 -152
56 -158
55 -160
54.5 -163
56 -160
58 -157
57 -162
60 -162
60 -163.5
63 -166
63.5 -163
64.8 -160
64.7 -160
65 -166
66 -168
66 -161
68 -168
70 -163
72.5 -158
71 -150
68 -140
66 -136
68 -137
70 -130
68 -125
68 -120
67.5 -115
67.3 -110
67 -108
69 -105
68 -100
69 -96
73 -95.8
69 -90.1
68 -88
70 -85
70 -83
68 -82
66.5 -87
64 -89.8
61 -95
59 -95
58 -93
57 -91.5
57 -87.5
55 -82
52 -80
52.2 -78
54 -79
55 -77
59 -79
60 -72
63 -77
