-71 0
-70 10
-69.8 20
-71 22
-70 30
-68 34
-70 38
-69 40
-67.8 47
-66 55
-67 57
-67.4 60
-68 70
-70 69
-72 70
-70 73
-68 80
-67 90.2
-66.8 95
-67 100
-66.8 103
-67.4 106
-66 112
-67 120
-66.8 125
-68 130
-67.2 130
-67.5 140
-68 145
-68.5 150
-70 160
-71 165
-71.5 170
-72 170
-73 165
-75 162
-78 168
-79 160
-82 159
-83 170
-84 180
-85 -170
-86 -160
-86 -150
-84 -149
-82 -155
-81 -147
-78 -158
-77 -158.2
-78 -150
-76 -145
-75 -140
-74 -135
-74 -130
-74 -120
-75 -110
-76 -108
-76 -100
-73 -102
-73.5 -95
-74 -97
-74 -89.8
-66.5 -83
-66 -75
-68 -70
-67 -67
-65 -60
-63 -55
-63.5 -56
-66 -60
-72 -59.8
-75 -60
-77 -64
-70 -69
-73 -68
-73 -70
-73 -80
-80 -80
-82 -70
-83 -60
-82.7 -50
-82 -40
-80 -38
-78 -36
-77.5 -34
-77 -30
-74 -20
-71 -10
-71 0